		SIKKIM MANIPAL UNIVERSITY 

		GRADE SHEET - MAY/JUNE 2025 EXAMINATIONS.  

Subject Code  : CS202A5			(REF CODE:CSE407)
Subject Title : PROJECT BASED LEARNING II 
Subject Credit : 1.0 

REGNO		INT	   UM		TOT	GRADE
202300002	37.33	26.33	     64.00	C
202300003	38.67	32.75	     72.00	B
202300009	41.67	 38.2	     80.00	S
202300016	35.67	 37.8	     74.00	A
202300018	41.34	 34.5	     76.00	A
202300019	39.25	33.33	     73.00	B
202300021	40.67	   32	     73.00	B
202300023	37.75	36.33	     75.00	A
202300024	35.00	 29.2	     65.00	C
202300036	33.00	   35	     68.00	B
202300037	33.34	33.33	     67.00	C
202300048	35.75	   28	     64.00	C
202300058	35.00	   29	     64.00	C
202300064	40.00	 34.5	     75.00	A
202300068	38.66	   28	     67.00	C
202300074	37.75	   28	     66.00	C
202300076	35.66	30.33	     66.00	C
202300078	40.00	37.66	     78.00	A
202300086	37.25	   34	     72.00	B
202300087	30.00	24.67	     55.00	E
202300091	35.67	 37.4	     74.00	A
202300101	37.67	36.33	     74.00	A
202300105	35.50	   34	     70.00	B
202300108	37.66	25.67	     64.00	C
202300115	40.50	   39	     80.00	S
202300120	37.25	33.33	     71.00	B
202300128	30.34	24.67	     56.00	D
202300132	39.25	30.67	     70.00	B
202300139	36.25	35.66	     72.00	B
202300146	35.00	   34	     69.00	B
202300148	35.75	36.66	     73.00	B
202300157	37.33	26.33	     64.00	C
202300161	40.00	36.66	     77.00	A
202300169	33.00	28.75	     62.00	C
202300171	 0.00	   DT	      0.00	DT
202300172	42.66	35.67	     79.00	A
202300177	33.00	28.75	     62.00	C
202300182	35.25	   34	     70.00	B
202300184	38.00	   33	     71.00	B
202300186	36.00	35.33	     72.00	B
202300191	37.34	 29.2	     67.00	C
202300193	37.33	31.33	     69.00	B
202300195	39.00	   35	     74.00	A
202300196	37.34	32.67	     71.00	B
202300197	37.00	 29.6	     67.00	C
202300204	39.25	34.66	     74.00	A
202300216	38.00	   29	     67.00	C
202300219	41.50	34.66	     77.00	A
202300220	39.00	34.25	     74.00	A
202300224	34.66	32.33	     67.00	C
202300227	35.66	   33	     69.00	B
202300236	38.00	   34	     72.00	B
202300239	41.50	37.33	     79.00	A
202300240	36.00	29.33	     66.00	C
202300244	37.33	   26	     64.00	C
202300246	36.33	   30	     67.00	C
202300247	35.67	30.25	     66.00	C
202300254	35.00	 29.4	     65.00	C
202300255	36.50	30.33	     67.00	C
202300256	34.34	   32	     67.00	C
202300257	40.00	36.66	     77.00	A
202300260	36.50	30.33	     67.00	C
202300263	37.67	   35	     73.00	B
202300264	36.50	30.33	     67.00	C
202300268	37.00	   35	     72.00	B
202300273	38.67	   34	     73.00	B
202300274	40.00	34.66	     75.00	A
202300275	37.00	32.33	     70.00	B
202300277	40.00	36.66	     77.00	A
202300279	40.75	42.66	     84.00	S
202300283	41.50	36.66	     79.00	A
202300285	37.75	31.33	     70.00	B
202300290	40.75	   40	     81.00	S
202300291	35.00	34.66	     70.00	B
202300294	30.75	29.33	     61.00	D
202300296	40.00	28.33	     69.00	B
202300297	34.75	29.33	     65.00	C
202300298	37.33	31.33	     69.00	B
202300299	36.00	23.67	     60.00	D
202300300	30.75	   30	     61.00	D
202300308	35.75	35.66	     72.00	B
202300312	37.00	23.33	     61.00	D
202300318	34.66	32.33	     67.00	C
202300320	36.75	30.33	     68.00	B
202300328	35.00	28.75	     64.00	C
202300334	37.50	   34	     72.00	B
202300338	37.00	39.33	     77.00	A
202300342	38.75	35.66	     75.00	A
202300347	28.75	29.33	     59.00	D
202300348	41.33	33.33	     75.00	A
202300350	39.50	37.66	     78.00	A
202300358	37.50	27.33	     65.00	C
202300361	37.34	 35.5	     73.00	B
202300367	40.50	   36	     77.00	A
202300381	35.50	27.33	     63.00	C
202300395	40.25	   36	     77.00	A
202300398	37.00	37.33	     75.00	A
202300408	35.75	   28	     64.00	C
202300410	40.66	33.67	     75.00	A
202300411	30.00	24.67	     55.00	E
202300412	37.50	27.33	     65.00	C
202300414	37.33	   27	     65.00	C
202300419	40.25	37.33	     78.00	A
202300423	37.66	28.67	     67.00	C
202300426	35.25	   34	     70.00	B
202300432	40.25	35.66	     76.00	A
202300434	37.34	34.75	     73.00	B
202300441	37.00	   AB	      0.00	I
202300444	34.66	33.33	     68.00	B
202300449	37.00	23.33	     61.00	D
202300455	40.75	   38	     79.00	A
202300472	36.50	30.33	     67.00	C
202300473	38.66	26.33	     65.00	C
202300474	35.75	   28	     64.00	C
202300476	37.75	   36	     74.00	A
202300481	40.00	34.66	     75.00	A
202300484	38.25	29.67	     68.00	B
202300485	35.34	 29.6	     65.00	C
202300490	40.50	37.33	     78.00	A
202300495	39.75	30.67	     71.00	B
202300496	39.33	27.67	     68.00	B
202300499	37.34	 33.5	     71.00	B
202300501	38.67	29.75	     69.00	B
202300502	38.00	23.33	     62.00	C
202300503	36.33	26.33	     63.00	C
202300505	37.33	26.36	     64.00	C
202300508	35.34	28.75	     65.00	C
202300510	35.67	   34	     70.00	B
202300511	37.00	39.66	     77.00	A
202300513	36.67	 30.5	     68.00	B
202300517	38.66	33.67	     73.00	B
202300518	33.50	29.25	     63.00	C
202300521	37.00	   39	     76.00	A
202300523	38.00	37.33	     76.00	A
202300527	43.75	   38	     82.00	S
202300528	34.67	30.25	     65.00	C
202300530	36.33	 28.5	     65.00	C
202300531	34.67	   34	     69.00	B
202300533	38.25	34.33	     73.00	B
202300535	38.66	   29	     68.00	B
202300542	41.50	36.66	     79.00	A
202300543	33.50	29.75	     64.00	C
202300544	38.75	37.33	     77.00	A
202300548	37.00	   34	     71.00	B
202300549	37.50	   36	     74.00	A
202300551	38.00	   30	     68.00	B
202300554	37.67	29.75	     68.00	B
202300557	40.25	35.66	     76.00	A
202300560	34.67	   33	     68.00	B
202300564	36.67	 37.8	     75.00	A
202300565	37.33	27.67	     66.00	C
202300567	45.00	   41	     86.00	S
202300569	43.25	40.67	     84.00	S
202300578	36.00	29.33	     66.00	C
202300579	36.00	29.33	     66.00	C
202300583	45.00	   31	     76.00	A
202300601	44.25	40.66	     85.00	S
202300607	42.25	33.67	     76.00	A
202300608	40.00	   32	     72.00	B
202300609	36.00	   27	     63.00	C
202300616	42.66	35.67	     79.00	A
202300620	38.66	30.33	     69.00	B
202300623	39.00	35.66	     75.00	A
202300624	37.50	34.33	     72.00	B
202300630	38.25	36.33	     75.00	A
202300635	36.00	 37.4	     74.00	A
202300644	37.33	26.33	     64.00	C
202300665	37.00	   39	     76.00	A
202300666	37.00	39.33	     77.00	A
202300667	33.50	29.25	     63.00	C
202300670	37.66	   29	     67.00	C
202411527	36.50	27.67	     65.00	C
202411528	32.50	 28.5	     61.00	D
202411529	36.00	   30	     66.00	C
202411530	38.75	   28	     67.00	C
202411531	39.00	28.33	     68.00	B
202411532	35.00	26.67	     62.00	C
202411533	35.00	26.67	     62.00	C
202411534	35.50	26.67	     63.00	C
202411535	36.00	   AB	      0.00	I
202411536	32.50	28.75	     62.00	C
202411538	38.00	26.67	     65.00	C
202411539	38.00	28.33	     67.00	C
202411540	37.00	   31	     68.00	B

Mean = 69.988953		SD = 5.985154
Lower cut off for E = 50.000000
Lower cut off for S = 80.000000
Step size = 6.000000
Lower cut off for D = 56.000000
Lower cut off for C = 62.000000
Lower cut off for B = 68.000000
Lower cut off for A = 74.000000
No. of Absentees = 2
No. of Malpractices = 0
No. of Detentions = 1
No. of NA = 0
No. of students appeared = 181

Abbreviations : INT = IN SEM marks, UM : END SEM marks.

