		SIKKIM MANIPAL UNIVERSITY 

		GRADE SHEET - MAY/JUNE 2025 EXAMINATIONS.  

Subject Code  : GN201A1			(REF CODE:CSE404)
Subject Title : UNIVERSAL HUMAN VALUE II (CSE/CSML/IOT/EC/VLSI/EE/IT/ME/CE/AIDS)
Subject Credit : 3.0 

REGNO		INT	   UM		TOT	GRADE
202300002	29.93	   31	     61.00	C
202300003	39.55	 41.5	     82.00	A
202300009	30.45	   35	     66.00	B
202300016	32.10	 29.5	     62.00	C
202300018	42.60	 40.5	     84.00	S
202300019	39.23	 39.5	     79.00	A
202300021	36.53	 30.5	     68.00	B
202300023	29.20	   25	     55.00	D
202300024	40.40	   35	     76.00	A
202300036	33.80	   36	     70.00	B
202300037	38.55	   44	     83.00	S
202300048	32.13	   31	     64.00	C
202300058	30.90	   33	     64.00	C
202300064	39.05	   37	     77.00	A
202300068	36.80	 36.5	     74.00	A
202300074	32.83	   34	     67.00	B
202300076	29.53	 32.5	     63.00	C
202300078	38.43	   39	     78.00	A
202300086	34.90	   39	     74.00	A
202300087	20.23	   25	     46.00	E
202300091	33.93	   30	     64.00	C
202300101	37.90	 39.5	     78.00	A
202300105	40.00	   38	     78.00	A
202300108	33.00	 26.5	     60.00	C
202300115	28.93	   29	     58.00	C
202300120	39.10	 34.5	     74.00	A
202300128	29.43	   20	     50.00	D
202300132	30.03	   25	     56.00	D
202300139	34.53	   31	     66.00	B
202300146	42.83	   41	     84.00	S
202300148	33.90	   35	     69.00	B
202300157	32.50	   21	     54.00	D
202300161	39.30	   41	     81.00	A
202300169	36.43	 38.5	     75.00	A
202300171	 0.00	   DT	      0.00	DT
202300172	35.40	   39	     75.00	A
202300177	31.73	   37	     69.00	B
202300182	35.83	   33	     69.00	B
202300184	29.80	   39	     69.00	B
202300186	30.90	 32.5	     64.00	C
202300191	26.00	   22	     48.00	E
202300193	38.53	   36	     75.00	A
202300195	29.98	   32	     62.00	C
202300196	36.25	   40	     77.00	A
202300197	33.43	   28	     62.00	C
202300204	34.95	 32.5	     68.00	B
202300216	26.60	 33.5	     61.00	C
202300219	29.50	 36.5	     66.00	B
202300220	37.33	 35.5	     73.00	B
202300224	32.60	 27.5	     61.00	C
202300227	32.35	   24	     57.00	C
202300236	42.45	   44	     87.00	S
202300239	46.30	   41	     88.00	S
202300240	30.33	 17.5	     48.00	E
202300244	29.10	 25.5	     55.00	D
202300246	26.70	 23.5	     51.00	D
202300247	35.70	 28.5	     65.00	C
202300254	30.90	 33.5	     65.00	C
202300255	30.98	   23	     54.00	D
202300256	40.80	   33	     74.00	A
202300257	42.60	 41.5	     85.00	S
202300260	30.20	   31	     62.00	C
202300263	31.13	 34.5	     66.00	B
202300264	26.10	   17	     44.00	E
202300268	45.55	   45	     91.00	S
202300273	33.20	 31.5	     65.00	C
202300274	29.83	 28.5	     59.00	C
202300275	32.33	   26	     59.00	C
202300277	38.90	   41	     80.00	A
202300279	41.20	   40	     82.00	A
202300283	35.23	   33	     69.00	B
202300285	29.90	   34	     64.00	C
202300290	47.15	   44	     92.00	S
202300291	37.93	   36	     74.00	A
202300294	27.23	   29	     57.00	C
202300296	28.23	 25.5	     54.00	D
202300297	27.23	   22	     50.00	D
202300298	32.70	 33.5	     67.00	B
202300299	31.13	 24.5	     56.00	D
202300300	25.83	   33	     59.00	C
202300308	30.85	 20.5	     52.00	D
202300312	32.50	   32	     65.00	C
202300318	31.43	 30.5	     62.00	C
202300320	33.30	 30.5	     64.00	C
202300328	29.13	 29.5	     59.00	C
202300334	25.40	   28	     54.00	D
202300338	30.53	   38	     69.00	B
202300342	28.63	   27	     56.00	D
202300347	27.73	 18.5	     47.00	E
202300348	35.10	   37	     73.00	B
202300350	31.93	 28.5	     61.00	C
202300358	28.73	 16.5	     46.00	E
202300361	27.80	   25	     53.00	D
202300367	36.03	 40.5	     77.00	A
202300381	39.30	 40.5	     80.00	A
202300395	30.70	   23	     54.00	D
202300398	40.20	   40	     81.00	A
202300408	30.60	   40	     71.00	B
202300410	42.70	   37	     80.00	A
202300411	36.33	   37	     74.00	A
202300412	30.90	 41.5	     73.00	B
202300414	41.80	 41.5	     84.00	S
202300419	34.00	 38.5	     73.00	B
202300423	34.10	   34	     69.00	B
202300426	36.45	 38.5	     75.00	A
202300432	36.95	 41.5	     79.00	A
202300434	34.53	   35	     70.00	B
202300441	13.90	   AB	      0.00	I
202300444	32.10	   28	     61.00	C
202300449	29.80	 25.5	     56.00	D
202300455	34.40	   40	     75.00	A
202300472	36.03	 31.5	     68.00	B
202300473	33.10	 30.5	     64.00	C
202300474	30.63	   32	     63.00	C
202300476	47.40	   42	     90.00	S
202300481	44.20	 44.5	     89.00	S
202300484	27.95	   32	     60.00	C
202300485	34.05	   31	     66.00	B
202300490	37.85	   39	     77.00	A
202300495	33.23	   40	     74.00	A
202300496	31.45	   28	     60.00	C
202300499	30.30	   35	     66.00	B
202300501	32.05	 34.5	     67.00	B
202300502	32.95	   24	     57.00	C
202300503	35.85	   33	     69.00	B
202300505	27.00	   36	     63.00	C
202300508	32.30	   25	     58.00	C
202300510	30.80	   31	     62.00	C
202300511	35.85	   38	     74.00	A
202300513	31.55	   30	     62.00	C
202300517	39.35	   35	     75.00	A
202300518	33.45	 29.5	     63.00	C
202300521	34.80	 35.5	     71.00	B
202300523	39.85	 39.5	     80.00	A
202300527	44.65	   41	     86.00	S
202300528	42.65	   38	     81.00	A
202300530	38.70	 36.5	     76.00	A
202300531	42.75	 39.5	     83.00	S
202300533	39.30	   32	     72.00	B
202300535	37.35	   39	     77.00	A
202300542	34.85	 38.5	     74.00	A
202300543	32.35	 28.5	     61.00	C
202300544	43.70	 42.5	     87.00	S
202300548	36.45	   38	     75.00	A
202300549	37.80	 40.5	     79.00	A
202300551	46.50	 45.5	     92.00	S
202300554	42.15	   40	     83.00	S
202300557	31.45	   30	     62.00	C
202300560	28.15	 34.5	     63.00	C
202300564	33.63	   33	     67.00	B
202300565	25.45	 16.5	     42.00	E
202300567	34.75	   34	     69.00	B
202300569	39.90	 45.5	     86.00	S
202300578	31.25	 32.5	     64.00	C
202300579	35.35	   35	     71.00	B
202300583	32.55	   34	     67.00	B
202300601	45.00	   40	     85.00	S
202300607	40.75	 40.5	     82.00	A
202300608	35.45	 38.5	     74.00	A
202300609	35.65	   27	     63.00	C
202300616	30.75	 31.5	     63.00	C
202300620	38.65	   35	     74.00	A
202300623	29.85	   32	     62.00	C
202300624	28.65	 31.5	     61.00	C
202300630	30.00	   32	     62.00	C
202300635	30.40	 25.5	     56.00	D
202300644	23.60	   25	     49.00	D
202300665	27.65	 26.5	     55.00	D
202300666	29.85	   33	     63.00	C
202300667	35.15	   36	     72.00	B
202300670	26.35	   19	     46.00	E
202411527	20.23	   21	     42.00	E
202411528	28.75	 26.5	     56.00	D
202411529	35.40	   37	     73.00	B
202411530	31.25	   34	     66.00	B
202411531	32.63	   24	     57.00	C
202411532	25.60	 20.5	     47.00	E
202411533	26.70	 12.5	     40.00	E
202411534	23.60	 21.5	     46.00	E
202411535	28.25	   29	     58.00	C
202411536	31.95	   30	     62.00	C
202411538	24.65	   30	     55.00	D
202411539	36.90	   41	     78.00	A
202411540	36.23	 29.5	     66.00	B
202200006	 0.00	   DT	      0.00	DT
202311501	21.20	   23	     45.00	E

202200448	28.50	 14.5	     43.00	E
202300001	35.80	   38	     74.00	A
202300007	23.30	 20.5	     44.00	E
202300008	37.80	 20.5	     59.00	C
202300013	27.00	 14.5	     42.00	E
202300014	10.50	   AB	      0.00	I
202300027	38.80	 33.5	     73.00	B
202300029	32.80	   23	     56.00	D
202300038	28.80	   26	     55.00	D
202300041	28.40	 29.5	     58.00	C
202300053	24.50	 15.5	     40.00	E
202300055	30.10	 30.5	     61.00	C
202300059	22.50	 17.5	     40.00	E
202300061	31.60	 29.5	     62.00	C
202300073	35.50	 28.5	     64.00	C
202300084	27.30	   20	     48.00	E
202300088	36.80	   32	     69.00	B
202300095	37.00	   36	     73.00	B
202300099	24.30	   15	     40.00	E
202300103	31.30	 23.5	     55.00	D
202300131	34.70	   29	     64.00	C
202300136	36.20	   31	     68.00	B
202300144	33.70	   33	     67.00	B
202300162	27.80	   15	     43.00	E
202300164	30.10	   15	     46.00	E
202300170	35.10	   38	     74.00	A
202300173	31.80	   29	     61.00	C
202300202	34.30	 35.5	     70.00	B
202300206	35.70	   35	     71.00	B
202300211	29.40	   AB	      0.00	I
202300230	27.80	   21	     49.00	D
202300245	34.60	   33	     68.00	B
202300269	35.60	   31	     67.00	B
202300276	29.30	 31.5	     61.00	C
202300287	32.70	   19	     52.00	D
202300289	35.20	 35.5	     71.00	B
202300302	29.60	 26.5	     57.00	C
202300303	36.30	 20.5	     57.00	C
202300307	27.10	   30	     58.00	C
202300310	34.20	   24	     59.00	C
202300425	35.00	 30.5	     66.00	B
202300436	32.80	 24.5	     58.00	C
202300439	 8.30	   AB	      0.00	I
202300442	34.20	   36	     71.00	B
202300443	33.80	 13.5	     48.00	E
202300445	26.80	   27	     54.00	D
202300450	21.30	 21.5	     43.00	E
202300454	33.00	   34	     67.00	B
202300458	35.80	 36.5	     73.00	B
202300460	30.30	   19	     50.00	D
202300468	37.00	 38.5	     76.00	A
202300475	28.10	 20.5	     49.00	D
202300486	37.60	 40.5	     79.00	A
202300507	29.10	   29	     59.00	C
202300522	38.80	   34	     73.00	B
202300573	38.00	 45.5	     84.00	S
202300586	 0.00	   DT	      0.00	DT
202300603	36.20	 37.5	     74.00	A
202300614	27.60	 16.5	     45.00	E
202300615	30.50	   28	     59.00	C
202300619	22.20	   24	     47.00	E
202300629	24.40	 23.5	     48.00	E
202300633	34.20	 28.5	     63.00	C
202300669	28.50	   30	     59.00	C
202443503	28.30	 23.5	     52.00	D

202300028	34.10	   28	     63.00	C
202300111	38.50	   34	     73.00	B
202300134	34.90	   32	     67.00	B
202300174	 0.00	   DT	      0.00	DT
202300251	31.80	 29.5	     62.00	C
202300304	28.90	   34	     63.00	C
202300335	37.30	   33	     71.00	B
202300346	23.90	 16.5	     40.00	E
202300354	40.10	 32.5	     73.00	B
202300392	36.40	 34.5	     71.00	B
202300440	25.30	   15	     41.00	E
202300446	39.70	 39.5	     80.00	A
202300451	30.30	 28.5	     59.00	C
202300514	42.40	   41	     84.00	S
202300539	29.60	   25	     55.00	D
202300552	25.40	 28.5	     54.00	D
202300559	36.30	 30.5	     67.00	B
202300568	31.30	   33	     65.00	C
202300575	26.00	 20.5	     47.00	E
202300577	33.70	   42	     76.00	A
202300611	26.30	   14	     41.00	E
202300651	28.75	 31.5	     61.00	C

202200010	40.70	   23	     64.00	C
202300047	34.80	   12	     47.00	E
202300390	40.90	   21	     62.00	C
202300397	38.30	   22	     61.00	C
202300447	40.60	 28.5	     70.00	B
202300461	35.80	   19	     55.00	D
202300659	40.40	 30.5	     71.00	B
202412506	40.80	   26	     67.00	B
202412507	33.30	  6.5	     40.00	E
202412508	 0.00	   DT	      0.00	DT
202412510	 0.00	   DT	      0.00	DT
202412511	34.90	 19.5	     55.00	D

202300387	39.10	   25	     65.00	C
202300558	46.50	   39	     86.00	S

202200505	29.90	   13	     43.00	E
202300295	36.10	   39	     76.00	A
202300519	39.80	 39.5	     80.00	A
202413505	31.50	   27	     59.00	C
202413506	33.00	   29	     62.00	C
202413508	34.60	   30	     65.00	C
202413509	27.50	 15.5	     43.00	E
202413510	36.20	   29	     66.00	B
202413511	33.40	   31	     65.00	C
202413512	34.10	   29	     64.00	C

202300062	35.60	   15	     51.00	D
202300208	38.80	   23	     62.00	C
202300249	43.20	 36.5	     80.00	A
202300301	40.70	   31	     72.00	B
202300313	36.70	 31.5	     69.00	B
202300323	41.35	   32	     74.00	A
202300368	35.30	   25	     61.00	C
202300418	36.60	   15	     52.00	D
202300438	35.90	   21	     57.00	C
202300520	44.75	   36	     81.00	A
202300526	41.40	   26	     68.00	B
202300529	42.90	   36	     79.00	A
202300570	33.80	   29	     63.00	C
202300571	41.15	   40	     82.00	A
202300582	42.45	 37.5	     80.00	A
202300584	41.05	 17.5	     59.00	C
202300625	41.95	 34.5	     77.00	A

202300004	35.00	  9.5	     45.00	E
202300262	41.85	   18	     60.00	C
202300278	33.10	 13.5	     47.00	E
202300284	38.50	   26	     65.00	C
202300415	37.50	   31	     69.00	B
202300478	43.50	 36.5	     80.00	A
202300491	42.15	 16.5	     59.00	C
202300498	36.00	 24.5	     61.00	C
202300500	43.55	   31	     75.00	A
202415516	25.75	 17.5	     44.00	E
202415517	39.45	 28.5	     68.00	B
202415518	40.35	 26.5	     67.00	B
202415519	26.20	   14	     41.00	E
202415520	29.70	   11	     41.00	E
202415521	36.80	 23.5	     61.00	C
202415522	41.00	 20.5	     62.00	C
202415523	33.70	    8	     42.00	E
202415524	37.90	 24.5	     63.00	C
202415525	43.30	   31	     75.00	A
202415526	40.90	   30	     71.00	B
202415527	37.30	 18.5	     56.00	D
202415528	35.50	   16	     52.00	D
202415529	30.10	   14	     45.00	E
202415530	37.05	 25.5	     63.00	C

202200473	27.25	   16	     44.00	E
202200479	31.25	 25.5	     57.00	C
202200499	30.90	   31	     62.00	C
202200503	35.35	   AB	      0.00	I
202200542	29.40	 10.5	     40.00	E
202300017	31.50	   20	     52.00	D
202300049	 6.60	   AB	      0.00	I
202300065	35.85	 34.5	     71.00	B
202300092	36.80	 28.5	     66.00	B
202300121	38.65	   39	     78.00	A
202300133	36.40	   30	     67.00	B
202300154	28.00	   19	     47.00	E
202300163	31.70	   17	     49.00	D
202300185	35.40	   23	     59.00	C
202300305	37.55	 34.5	     73.00	B
202300321	41.80	 31.5	     74.00	A
202300357	37.60	 29.5	     68.00	B
202300380	35.40	 18.5	     54.00	D
202300383	38.80	 37.5	     77.00	A
202300430	39.95	   35	     75.00	A
202300431	26.75	   13	     40.00	E
202300433	 0.00	   DT	      0.00	DT
202300492	32.90	   30	     63.00	C
202300506	33.90	 33.5	     68.00	B
202300574	38.00	   32	     70.00	B
202300581	33.95	 11.5	     46.00	E
202300604	41.85	   44	     86.00	S
202418502	32.75	 20.5	     54.00	D
202418503	34.10	 32.5	     67.00	B
202418504	37.60	 31.5	     70.00	B
202418505	42.50	 33.5	     76.00	A
202418506	35.20	   27	     63.00	C
202418507	35.60	   18	     54.00	D
202418508	34.45	   21	     56.00	D
202418509	30.90	 26.5	     58.00	C
202418510	30.50	   17	     48.00	E
202418511	26.30	   AB	      0.00	I
202418512	28.05	 14.5	     43.00	E
202418513	27.45	 17.5	     45.00	E
202418514	24.55	 19.5	     45.00	E
202418515	36.50	 26.5	     63.00	C
202418516	34.75	 15.5	     51.00	D
202418517	24.45	   22	     47.00	E
202418518	34.80	   24	     59.00	C
202418519	38.15	 31.5	     70.00	B
202418520	32.60	   14	     47.00	E
202100169	21.50	   10	     32.00	F

202300006	41.80	 39.5	     82.00	A
202300011	31.95	 18.5	     51.00	D
202300030	 0.00	   DT	      0.00	DT
202300045	45.05	   40	     86.00	S
202300067	43.00	   28	     71.00	B
202300069	30.10	   28	     59.00	C
202300081	37.50	 30.5	     68.00	B
202300098	45.30	   24	     70.00	B
202300138	42.35	 32.5	     75.00	A
202300188	39.85	 26.5	     67.00	B
202300189	37.50	 18.5	     56.00	D
202300198	39.05	 30.5	     70.00	B
202300210	42.25	   37	     80.00	A
202300217	42.80	 28.5	     72.00	B
202300226	29.75	 20.5	     51.00	D
202300231	40.10	 32.5	     73.00	B
202300232	38.80	 24.5	     64.00	C
202300237	46.30	   44	     91.00	S
202300242	47.75	   41	     89.00	S
202300252	44.10	 42.5	     87.00	S
202300258	41.15	   31	     73.00	B
202300267	37.80	 21.5	     60.00	C
202300271	41.95	   34	     76.00	A
202300272	43.70	   36	     80.00	A
202300282	25.75	 13.5	     40.00	E
202300288	42.70	 31.5	     75.00	A
202300292	43.85	   37	     81.00	A
202300317	38.75	   32	     71.00	B
202300319	40.70	   36	     77.00	A
202300324	42.85	   28	     71.00	B
202300325	39.40	   36	     76.00	A
202300326	46.45	 40.5	     87.00	S
202300327	41.95	 30.5	     73.00	B
202300330	40.80	   33	     74.00	A
202300364	40.80	   27	     68.00	B
202300400	36.80	 35.5	     73.00	B
202300401	46.50	 38.5	     85.00	S
202300416	40.20	 27.5	     68.00	B
202300421	45.70	   27	     73.00	B
202300422	44.60	 28.5	     74.00	A
202300424	43.75	   35	     79.00	A
202300435	 0.00	   DT	      0.00	DT
202300456	37.95	 25.5	     64.00	C
202300459	45.70	 43.5	     90.00	S
202300465	45.05	 34.5	     80.00	A
202300470	39.15	   32	     72.00	B
202300488	45.35	 39.5	     85.00	S
202300512	43.85	   39	     83.00	S
202300525	46.90	 42.5	     90.00	S
202300532	44.95	 26.5	     72.00	B
202300547	44.05	 37.5	     82.00	A
202300550	30.40	   23	     54.00	D
202300556	42.75	   31	     74.00	A
202300589	32.95	   19	     52.00	D
202300636	33.15	   16	     50.00	D
202300655	34.70	 21.5	     57.00	C
202441501	35.60	   AB	      0.00	I
202100377	39.10	 25.5	     65.00	C

Mean = 64.861504		SD = 12.369679
Lower cut off for E = 40.000000
Lower cut off for S = 83.000000
Step size = 8.600000
Lower cut off for D = 49.000000
Lower cut off for C = 57.000000
Lower cut off for B = 66.000000
Lower cut off for A = 74.000000
No. of Absentees = 8
No. of Malpractices = 0
No. of Detentions = 9
No. of NA = 0
No. of students appeared = 426

Abbreviations : INT = IN SEM marks, UM : END SEM marks.

